4294967279,53
4294967278,196
4294967278,544
4294967279,342
4294967279,50
4294967279,49
4294967279,48
4294967278,195
4294967278,542
4294967278,194
4294967278,541
4294967279,47
4294967279,45
4294967279,44
4294967279,340
4294967278,193
4294967278,540
25,4
4294967294,106
4294967278,0
4294967279,43
4294967279,41
4294967279,39
4294967279,38
4294967279,37
4294967279,34
4294967279,32
4294967279,31
4294967279,30
4294967279,29
4294967279,27
4294967278,191
4294967278,538
4294967279,397
4294967278,535
4294967278,533
4294967278,185
4294967278,184
25,7
4294967279,182
4294967278,183
4294967278,182
4294967279,183
25,3
25,2
25,1
4294967278,181
24,4
4294967294,392
4294967294,389
4294967294,424
4294967294,114
4294967294,115
4294967278,526
4294967279,325
4294967279,176
24,8
24,7
4294967279,172
24,3
24,2
24,1
4294967279,25
4294967279,317
4294967279,415
4294967279,24
4294967279,23
4294967279,22
4294967279,21
4294967279,20
4294967279,19
4294967279,313
21,2
21,6
21,5
4294967279,163
4294967279,162
4294967294,89
4294967279,396
12,4
13,4
12,5
21,3
4294967279,14
4294967279,9
4294967294,150
4294967294,1594
4294967294,29
4294967279,411
4294967279,346
4294967279,0
4294967294,107
4294967294,37
4294967294,42
4294967294,40
4294967294,39
4294967294,43
4294967294,51
4294967294,1328
4294967294,91
4294967294,90
4294967294,87
4294967294,86
4294967294,84
4294967294,44
4294967294,430
4294967294,45
4294967279,303
4294967279,304
21,4
10,5
4294967294,387
4294967294,416
4294967294,52
10,4
7,3
4294967294,76
4294967294,215
4294967294,82
4294967294,83
4294967294,103
4294967294,102
4294967294,101
4294967294,100
4294967294,99
4294967294,98
4294967294,1116
4294967294,1287
4294967294,18
4294967294,20
4294967294,13
4294967294,61
4294967294,97
4294967294,161
4294967294,12
4294967294,211
4294967294,207
7,4
4294967294,7
4294967294,1668
4294967294,226
4294967294,1417
4294967278,132
4294967278,131
4294967278,130
4294967278,129
4294967278,128
4294967278,127
4294967278,126
4294967278,125
4294967278,124
4294967278,123
4294967278,122
4294967278,121
4294967278,120
4294967278,119
4294967278,118
4294967278,117
4294967278,116
4294967278,115
4294967278,114
4294967278,113
4294967278,112
4294967278,111
4294967278,110
4294967278,109
4294967278,108
4294967278,107
4294967278,106
4294967278,105
4294967278,104
4294967278,103
4294967278,102
4294967278,101
4294967278,100
4294967278,99
4294967278,98
4294967278,97
4294967278,96
4294967278,95
4294967278,94
4294967278,93
4294967278,92
4294967278,91
4294967278,90
4294967278,89
4294967278,87
4294967278,86
4294967278,85
4294967278,84
4294967278,83
4294967278,82
4294967278,81
4294967278,80
4294967278,79
4294967278,78
4294967278,77
4294967278,76
4294967278,75
4294967278,74
4294967278,73
4294967278,72
4294967278,71
4294967278,70
4294967278,69
4294967278,68
4294967278,67
4294967278,66
4294967278,65
4294967278,64
4294967278,63
4294967278,260
4294967279,87
4294967279,83
4294967279,81
4294967279,80
4294967279,77
4294967279,75
4294967279,72
4294967279,69
4294967279,66
4294967279,63
4294967279,61
4294967279,58
4294967279,54
4294967279,52
4294967279,51
4294967279,46
4294967279,42
4294967279,40
4294967279,36
4294967279,35
4294967279,33
4294967279,26
4294967279,412
4294967279,18
4294967279,17
4294967279,16
4294967279,15
4294967279,13
4294967279,12
4294967279,11
4294967279,10
4294967279,376
4294967279,8
4294967279,7
4294967279,6
4294967279,5
4294967279,4
4294967294,285
4294967294,284
4294967294,282
4294967294,281
4294967294,276
4294967294,265
4294967294,262
4294967294,260
4294967294,259
4294967294,258
4294967294,1072
4294967294,60
4294967294,55
4294967294,57
4294967294,30
4294967294,1027
4294967294,11
4294967294,1313
4294967294,1436
4294967294,0
4294967294,428
4294967294,22
4294967294,38
4294967294,157
4294967294,53
4294967294,136
4294967294,148
4294967294,1331
4294967294,28
4294967294,1132
4294967294,27
4294967294,85
4294967279,28
4294967279,288
4294967279,274
4294967294,94
4294967294,96
4294967279,137
23,6
23,5
4294967279,136
23,4
23,3
23,2
23,1
4294967294,9
4294967294,8
0,7
4294967294,93
4294967294,95
4294967294,92
4294967294,88
4294967294,1325
4294967294,46
4294967294,165
4294967294,113
4294967294,167
4294967294,80
4294967294,36
4294967294,472
4294967294,17
4294967294,41
0,5
4294967294,50
4294967294,1318
4294967294,222
4294967294,149
4294967294,219
4294967294,218
4294967278,463
4294967279,393
4294967279,271
4294967294,6
4294967294,1595
4294967294,14
4294967294,1415
4294967294,1414
4294967294,67
4294967294,473
4294967294,217
4294967294,214
4294967294,81
4294967294,208
4294967294,206
